(module SIP-17 (layer F.Cu) (tedit 60DDA693)
  (fp_text reference EdgeConnector-P17-P2.54mm-D8.00mm (at 6.516 0 90) (layer F.SilkS)
    (effects (font (size 1 1) (thickness 0.15)))
  )
  (fp_text value "" (at 6.016 1 90) (layer F.Fab)
    (effects (font (size 1 1) (thickness 0.15)))
  )
  (fp_line (start 5.08 -22.86) (end 5.08 22.86) (layer F.CrtYd) (width 0.12))
  (fp_line (start -3.048 -22.86) (end -3.048 22.86) (layer F.CrtYd) (width 0.12))
  (fp_line (start -0.508 -25.4) (end 2.54 -25.4) (layer F.CrtYd) (width 0.12))
  (fp_line (start -0.508 25.4) (end 2.54 25.4) (layer F.CrtYd) (width 0.12))
  (fp_arc (start 2.54 -22.86) (end 5.08 -22.86) (angle -90) (layer F.CrtYd) (width 0.12))
  (fp_arc (start -0.508 -22.86) (end -0.508 -25.4) (angle -90) (layer F.CrtYd) (width 0.12))
  (fp_arc (start -0.508 22.86) (end -3.048 22.86) (angle -90) (layer F.CrtYd) (width 0.12))
  (fp_arc (start 2.54 22.86) (end 2.54 25.4) (angle -90) (layer F.CrtYd) (width 0.12))
  (fp_line (start -0.508 -25.4) (end 2.54 -25.4) (layer F.SilkS) (width 0.12))
  (fp_line (start 5.08 -22.86) (end 5.08 22.86) (layer F.SilkS) (width 0.12))
  (fp_line (start 2.54 25.4) (end -0.508 25.4) (layer F.SilkS) (width 0.12))
  (fp_line (start -3.048 22.86) (end -3.048 -22.86) (layer F.SilkS) (width 0.12))
  (fp_arc (start 2.54 -22.86) (end 5.08 -22.86) (angle -90) (layer F.SilkS) (width 0.12))
  (fp_arc (start -0.508 -22.86) (end -0.508 -25.4) (angle -90) (layer F.SilkS) (width 0.12))
  (fp_arc (start -0.508 22.86) (end -3.048 22.86) (angle -90) (layer F.SilkS) (width 0.12))
  (fp_arc (start 2.54 22.86) (end 2.54 25.4) (angle -90) (layer F.SilkS) (width 0.12))
  (fp_line (start 5.08 22.86) (end 5.08 -22.86) (layer B.SilkS) (width 0.12))
  (fp_line (start 2.54 -25.4) (end -0.508 -25.4) (layer B.SilkS) (width 0.12))
  (fp_line (start -3.048 -22.86) (end -3.048 22.86) (layer B.SilkS) (width 0.12))
  (fp_line (start -0.508 25.4) (end 2.54 25.4) (layer B.SilkS) (width 0.12))
  (fp_arc (start 2.54 -22.86) (end 5.08 -22.86) (angle -90) (layer B.SilkS) (width 0.12))
  (fp_arc (start -0.508 -22.86) (end -0.508 -25.4) (angle -90) (layer B.SilkS) (width 0.12))
  (fp_arc (start -0.508 22.86) (end -3.048 22.86) (angle -90) (layer B.SilkS) (width 0.12))
  (fp_arc (start 2.54 22.86) (end 2.54 25.4) (angle -90) (layer B.SilkS) (width 0.12))
  (pad 1 thru_hole oval (at 1.016 20.32 90) (size 1.4 8) (drill 0.4) (layers *.Cu *.Mask))
  (pad 2 thru_hole oval (at 1.016 17.78 90) (size 1.4 8) (drill 0.4) (layers *.Cu *.Mask))
  (pad 3 thru_hole oval (at 1.016 15.24 90) (size 1.4 8) (drill 0.4) (layers *.Cu *.Mask))
  (pad 4 thru_hole oval (at 1.016 12.7 90) (size 1.4 8) (drill 0.4) (layers *.Cu *.Mask))
  (pad 5 thru_hole oval (at 1.016 10.16 90) (size 1.4 8) (drill 0.4) (layers *.Cu *.Mask))
  (pad 6 thru_hole oval (at 1.016 7.62 90) (size 1.4 8) (drill 0.4) (layers *.Cu *.Mask))
  (pad 7 thru_hole oval (at 1.016 5.08 90) (size 1.4 8) (drill 0.4) (layers *.Cu *.Mask))
  (pad 8 thru_hole oval (at 1.016 2.54 90) (size 1.4 8) (drill 0.4) (layers *.Cu *.Mask))
  (pad 9 thru_hole oval (at 1.016 0 90) (size 1.4 8) (drill 0.4) (layers *.Cu *.Mask))
  (pad 10 thru_hole oval (at 1.016 -2.54 90) (size 1.4 8) (drill 0.4) (layers *.Cu *.Mask))
  (pad 11 thru_hole oval (at 1.016 -5.08 90) (size 1.4 8) (drill 0.4) (layers *.Cu *.Mask))
  (pad 12 thru_hole oval (at 1.016 -7.62 90) (size 1.4 8) (drill 0.4) (layers *.Cu *.Mask))
  (pad 13 thru_hole oval (at 1.016 -10.16 90) (size 1.4 8) (drill 0.4) (layers *.Cu *.Mask))
  (pad 14 thru_hole oval (at 1.016 -12.7 90) (size 1.4 8) (drill 0.4) (layers *.Cu *.Mask))
  (pad 15 thru_hole oval (at 1.016 -15.24 90) (size 1.4 8) (drill 0.4) (layers *.Cu *.Mask))
  (pad 16 thru_hole oval (at 1.016 -17.78 90) (size 1.4 8) (drill 0.4) (layers *.Cu *.Mask))
  (pad 17 thru_hole oval (at 1.016 -20.32 90) (size 1.4 8) (drill 0.4) (layers *.Cu *.Mask))
)
